0 0.4560546875 0.3759765625 0.1357421875 0.060546875
0 0.333984375 0.4228515625 0.1015625 0.0751953125
0 0.3408203125 0.5009765625 0.1025390625 0.08203125
0 0.4580078125 0.556640625 0.107421875 0.052734375
0 0.6240234375 0.3818359375 0.154296875 0.0712890625
0 0.76171875 0.4423828125 0.1025390625 0.087890625
0 0.75390625 0.5126953125 0.1181640625 0.0654296875
0 0.6533203125 0.5615234375 0.1220703125 0.060546875
0 0.412109375 0.4482421875 0.0859375 0.044921875
0 0.40625 0.4990234375 0.083984375 0.0498046875
0 0.6533203125 0.466796875 0.1142578125 0.03515625
0 0.642578125 0.51171875 0.08984375 0.046875
0 0.568359375 0.5361328125 0.0576171875 0.056640625